000019
000045
000402
000407
000415
000429
000505
000506
000531
000537
000552
000564
000566
000567
000593
000605
000632
000655
000663
000679
000688
000701
000713
000719
000726
000796
000813
000886
000899
000933
000968
000975
001211
001228
001267
001278
001299
001318
001328
001337
001360
001376
001390
001965
002016
002020
002032
002040
002078
002084
002102
002104
002109
002110
002115
002128
002141
002142
002163
002181
002207
002248
002251
002267
002279
002286
002294
002317
002397
002424
002437
002550
002556
002570
002574
002596
002644
002653
002657
002663
002671
002682
002695
002700
002702
002731
002748
002774
002790
002793
002807
002811
002817
002820
002828
002839
002847
002867
002893
002910
002932
002940
002946
002948
002952
002969
002973
002990
003013
003017
003035
003041
003043
300012
300086
300103
300120
300150
300168
300189
300235
300327
300388
300401
300414
300437
300500
300517
300608
300641
300658
300675
300692
300723
300765
300768
300819
300844
300849
300863
300878
300881
300910
300938
300972
300975
300983
301010
301027
301068
301078
301081
301096
301099
301100
301115
301122
301130
301136
301188
301201
301203
301231
301292
301331
301348
301367
301446
301468
301551
600012
600033
600057
600080
600115
600121
600149
600188
600259
600269
600313
600323
600329
600350
600377
600398
600422
600449
600463
600486
600488
600493
600496
600506
600536
600545
600547
600556
600575
600578
600593
600595
600598
600605
600638
600664
600666
600697
600708
600712
600719
600725
600730
600757
600759
600773
600784
600789
600792
600793
600815
600901
600903
600908
600926
600935
600965
600985
600987
601000
601003
601009
601021
601089
601107
601111
601128
601187
601198
601288
601298
601333
601528
601665
601728
601825
601900
601928
601939
601969
601975
603041
603043
603059
603069
603079
603086
603099
603109
603151
603192
603193
603213
603217
603232
603233
603235
603272
603307
603318
603320
603351
603511
603558
603565
603648
603689
603708
603759
603778
603808
603817
603836
603848
603856
603861
603885
603899
603900
603909
603939
603980
605011
605099
605122
605180
605189
605198
605228
605555
605566
605599
688059
688068
688105
688117
688153
688156
688178
688198
688236
688276
688290
688317
688353
688382
688398
688548
688553
688620
688693
688708
688758
688786
920088
