601606
000657
300021
300158
002639
000796
600682
300877
003023
001226
300122
301217
300528
300539
600010
002826
600288
300706
600895
003007
002942
605255
000558
600513
600392
600192
603256
300322
002370
002644
603367
688020
001216
300885
688110
600579
603839
001318
605268
600581
300965
688189
002570
002287
300732
600684
000813
603229
603063
001331
002837
301171
002940
601606
600110
002424
300289
603059
002799
600774
603767
603516
002775
300878
300486
000534
601089
603286
603124
300830
002651
300696
600513
300199
002148
301357
002046
002265
600203
600192
301389
688585
603811
002173
002017
301076
600475
600698
002313
000901
002915
002248
600808
605169
301117
300600
300166
002611
002896
300885
688529
600619
002022
603130
001380
601718
600410
001298
600366
300706
300322
601929
002551
688108
605598
603800
003040
600744
002837
301038
