000068
000089
000096
000509
000548
000555
000590
000632
000637
000733
000892
001205
001316
002137
002337
002457
002523
002546
002575
002578
002587
002672
002682
002728
002732
002806
002810
002828
002829
002880
002993
003028
003037
300239
300242
300319
300334
300364
300407
300412
300615
300668
300712
300722
300775
300788
300858
300876
301068
301172
301211
301217
301283
301289
301313
301373
301458
301498
301511
301555
301560
301665
600120
600137
600237
600272
600511
600560
600679
600683
600734
600805
600855
600874
603033
603103
603272
603329
603355
603356
603358
603533
603890
603990
688031
688246
688418
688523
688600
688623
871396
