000008
000012
000020
000021
000026
000029
000032
000035
000037
000048
000055
000062
000066
000070
000090
000096
000402
000417
000506
000509
000510
000517
000518
000520
000533
000534
000537
000539
000547
000553
000554
000567
000586
000592
000593
000601
000608
000630
000636
000657
000672
000677
000679
000700
000715
000720
000722
000725
000759
000767
000777
000783
000788
000811
000815
000818
000823
000839
000863
000889
000890
000919
000925
000927
000950
000960
000967
000968
000970
000980
000988
000990
001210
001211
001223
001225
001234
001257
001258
001259
001266
001299
001309
001316
001359
001366
001400
001696
001896
002008
002012
002015
002025
002030
002031
002033
002036
002038
002040
002051
002080
002081
002082
002106
002119
002124
002131
002137
002138
002141
002149
002150
002155
002156
002158
002165
002175
002181
002185
002192
002195
002201
002203
002207
002208
002210
002213
002217
002218
002251
002254
002261
002263
002272
002281
002297
002309
002310
002313
002317
002323
002328
002339
002342
002348
002350
002354
002356
002361
002362
002364
002371
002374
002384
002388
002389
002404
002407
002409
002413
002418
002421
002428
002432
002442
002445
002453
002463
002468
002470
002471
002475
002484
002487
002490
002491
002498
002506
002515
002536
002552
002554
002560
002565
002575
002578
002579
002580
002585
002591
002608
002613
002629
002634
002636
002639
002640
002645
002652
002654
002655
002663
002669
002709
002716
002733
002741
002747
002771
002782
002787
002792
002802
002805
002806
002821
002824
002828
002830
002837
002842
002843
002851
002865
002871
002877
002897
002902
002903
002913
002918
002927
002929
002930
002931
002938
002940
002951
002952
002957
002962
002969
002971
002975
002980
002989
002990
002995
003004
003009
003018
003026
003036
003041
003042
003043
300042
300052
300054
300057
300058
300067
300069
300088
300131
300136
300139
300157
300162
300164
300166
300179
300185
300191
300197
300201
300204
300209
300265
300283
300285
300302
300303
300308
300319
300323
300332
300335
300385
300390
300395
300398
300408
300432
300433
300436
300438
300449
300475
300483
300486
300497
300502
300503
300505
300540
300548
300567
300570
300604
300608
300617
300620
300632
300657
300661
300666
300668
300672
300690
300706
300720
300769
300776
300811
300814
300827
300834
300857
300895
300900
300903
300905
300959
300975
301008
301013
301055
301093
301099
301158
301171
301176
301183
301188
301189
301200
301205
301217
301226
301236
301292
301302
301306
301308
301312
301319
301362
301373
301389
301396
301439
301511
301526
301531
301599
301638
301658
301666
301667
301680
301696
600011
600026
600028
600032
600052
600067
600076
600078
600103
600105
600108
600110
600118
600121
600130
600135
600152
600156
600162
600163
600172
600176
600178
600183
600184
600186
600192
600227
600229
600234
600236
600237
600255
600256
600259
600280
600293
600301
600303
600307
600310
600330
600337
600338
600339
600345
600353
600367
600370
600378
600379
600396
600397
600403
600408
600439
600452
600487
600488
600498
600500
600502
600503
600513
600516
600520
600522
600527
600530
600539
600545
600549
600563
600578
600583
600584
600589
600590
600594
600596
600605
600611
600615
600617
600654
600664
600665
600666
600667
600673
600683
600688
600691
600696
600698
600703
600707
600714
600719
600722
600724
600726
600736
600743
600744
600748
600758
600759
600769
600770
600800
600821
600844
600850
600857
600863
600869
600871
600903
600936
600938
600961
600968
600979
600982
600996
601016
601101
601126
601133
601138
601179
601330
601512
601567
601606
601611
601636
601669
601678
601696
601778
601789
601808
601857
601868
601869
601872
601958
601975
601991
603001
603002
603007
603011
603014
603017
603020
603026
603032
603042
603045
603052
603060
603063
603065
603070
603082
603093
603095
603115
603122
603123
603124
603135
603155
603158
603165
603178
603186
603203
603206
603248
603256
603257
603268
603269
603272
603278
603306
603311
603315
603316
603317
603318
603324
603330
603333
603335
603353
603387
603390
603399
603407
603421
603458
603459
603500
603516
603530
603538
603585
603601
603616
603618
603619
603629
603636
603661
603663
603678
603687
603698
603727
603738
603757
603773
603777
603778
603779
603803
603808
603823
603859
603890
603897
603929
603931
603936
603937
603938
603950
603986
603989
603993
605006
605060
605069
605099
605111
605162
605168
605189
605198
605218
605255
605268
605287
605288
605289
605298
605299
605318
605365
605366
605388
605580
605589
688008
688017
688025
688037
688048
688052
688069
688072
688082
688120
688123
688126
688127
688141
688146
688147
688158
688163
688166
688167
688172
688176
688200
688207
688220
688227
688234
688249
688256
688257
688268
688275
688279
688295
688300
688308
688309
688313
688322
688332
688347
688361
688390
688392
688403
688409
688432
688449
688485
688498
688502
688519
688521
688525
688531
688536
688548
688549
688585
688610
688627
688628
688630
688635
688700
688702
688719
688777
688808
688813
688820
920045
920088
920125
920510
920571
