000017
000035
000058
000060
000410
000600
000612
000619
000629
000712
000751
000762
000777
000778
000792
000881
001203
001229
001258
002026
002043
002044
002057
002114
002190
002192
002204
002255
002478
002743
002748
002756
002825
002985
002996
003016
300055
300082
300423
300505
300769
300863
300952
300970
301071
301082
301083
301152
301156
301306
301310
600015
600039
600096
600215
600371
600403
600444
600468
600497
600598
600875
600973
601126
601399
601611
603015
603192
603588
603730
603889
603995
605167
605377
688033
688058
688175
688334
830832
833819
834014
836957
