000020
000035
000422
000589
000600
000623
000655
000681
000703
000776
000777
000885
000889
000985
000987
000995
001209
001896
002021
002026
002083
002135
002204
002255
002258
002266
002390
002453
002493
002596
002743
002748
002755
002895
002985
003005
300129
300151
300201
300423
300512
300569
300713
300876
300963
300982
301290
600023
600025
600030
600039
600096
600141
600201
600282
600303
600339
600370
600468
600497
600505
600550
600561
600638
600676
600686
600710
600769
600783
600796
600999
601006
601211
601390
601616
601666
601688
603010
603218
603313
603408
603619
603937
605155
605377
688033
688186
688289
688625
