000012
000096
000488
000635
000690
000966
001205
001234
002019
002136
002418
002432
002632
002672
002797
002942
300019
300132
300145
300187
300197
300225
300243
300249
300258
300267
300303
300351
300355
300387
300437
300545
300596
300610
300618
300631
300719
300720
300727
300811
301051
301063
301100
301118
301120
301123
301175
301196
301206
301226
301311
301356
301489
301519
301536
301555
301560
600019
600023
600027
600117
600483
600505
600569
600689
600794
600979
600980
601005
601026
601083
601186
601618
601800
601866
601919
603055
603109
603175
603192
603209
603330
603936
605018
688099
688151
688199
688259
688260
688280
688579
688633
688711
688786
871396
872925
920060
920068
920132
920145
920351
920357
920370
920571
920689
920833
920837
920976
