000025
000026
000065
000151
000410
000530
000547
000555
000632
000633
000639
000707
000722
000759
000797
000883
000892
000928
001218
001223
001228
001259
001314
002051
002053
002054
002083
002097
002137
002162
002194
002205
002243
002337
002380
002523
002582
002633
002728
002732
002767
002786
002806
002810
003009
003011
300132
300239
300319
300364
300370
300374
300395
300407
300445
300452
300480
300508
300516
300528
300557
300765
300823
300970
301048
301136
301138
301251
301262
301329
301468
301555
301616
600035
600133
600169
600278
600370
600511
600528
600558
600604
600623
600683
600740
600789
600792
600815
600855
600968
600989
601065
601162
601686
601808
603020
603025
603033
603093
603182
603231
603309
603358
603375
603533
603707
603803
603817
603890
603938
605228
605399
688078
688115
688351
688418
688509
688618
688636
688668
688699
688767
838402
