000017
000090
000417
000421
000507
000600
000625
002039
002043
002107
002238
002342
002358
002432
002636
002689
002731
002752
002782
002787
002790
002927
002963
300062
300105
300127
300138
300179
300181
300189
300414
300424
300485
300707
300943
301221
301386
600033
600059
600123
600178
600188
600215
600279
600315
600333
600371
600438
600469
600508
600513
600558
600598
600618
600698
600758
600792
600834
600903
600960
600971
601001
601008
601015
601083
601101
601579
601918
601963
603097
603685
603759
603861
605111
605339
688151
688282
688517
688682
838402
