000401
000417
000553
000612
000655
000681
000726
000735
000777
000789
000791
000792
000838
000881
000899
000923
000970
001287
001337
001896
002044
002057
002083
002171
002238
002271
002282
002302
002307
002366
002415
002438
002441
002492
002533
002588
002628
002691
002701
002731
002736
002752
002790
002792
002861
002893
002919
002972
002985
002988
003001
003002
003016
003816
300012
300055
300066
300069
300105
300138
300151
300349
300466
300509
300520
300541
300598
300638
300659
300710
300768
300930
300961
300963
300965
301079
301082
301083
301167
301179
301234
301292
301388
600015
600022
600023
600038
600057
600067
600075
600096
600101
600121
600131
600215
600231
600251
600262
600302
600320
600333
600469
600470
600483
600501
600505
600508
600545
600546
600550
600558
600618
600644
600686
600724
600751
600758
600792
600793
600861
600874
600916
600917
601012
601015
601068
601086
601106
601169
601229
601236
601579
601608
601918
601963
601992
603012
603067
603077
603086
603097
603169
603192
603300
603348
603496
603518
603551
603567
603568
603685
603730
603759
603766
605133
605377
605599
688058
688083
688111
688334
688389
688653
831961
833575
